27516 20150101  2.424 -156.61   71.32   -18.3   -21.8   -20.0   -19.9     0.0     0.00 C   -19.2   -24.5   -21.9    83.9    73.7    77.9 -99.000 -99.000 -99.000 -99.000 -99.000 -9999.0 -9999.0 -9999.0 -9999.0 -9999.0
27516 20150102  2.424 -156.61   71.32   -20.8   -24.9   -22.8   -22.6     0.2     0.00 C   -21.8   -26.4   -23.9    88.1    77.1    80.3 -99.000 -99.000 -99.000 -99.000 -99.000 -9999.0 -9999.0 -9999.0 -9999.0 -9999.0
27516 20150103  2.424 -156.61   71.32   -20.0   -28.2   -24.1   -25.0     0.3     0.00 C   -21.1   -29.7   -26.8    81.6    74.8    77.7 -99.000 -99.000 -99.000 -99.000 -99.000 -9999.0 -9999.0 -9999.0 -9999.0 -9999.0
27516 20150104  2.424 -156.61   71.32   -18.9   -28.9   -23.9   -23.0     0.0     0.00 C   -20.2   -29.8   -24.5    82.3    71.4    76.3 -99.000 -99.000 -99.000 -99.000 -99.000 -9999.0 -9999.0 -9999.0 -9999.0 -9999.0
27516 20150105  2.424 -156.61   71.32    -8.5   -29.3   -18.9   -14.5     0.2     0.00 C    -9.2   -30.0   -16.0    91.5    74.0    86.6 -99.000 -99.000 -99.000 -99.000 -99.000 -9999.0 -9999.0 -9999.0 -9999.0 -9999.0
27516 20150106  2.424 -156.61   71.32   -16.4   -26.3   -21.3   -20.5     0.0     0.00 C   -18.6   -27.4   -23.1    84.7    76.5    81.3 -99.000 -99.000 -99.000 -99.000 -99.000 -9999.0 -9999.0 -9999.0 -9999.0 -9999.0
27516 20150107  2.424 -156.61   71.32   -22.1   -28.7   -25.4   -26.3     0.5     0.00 C   -23.5   -29.5   -27.5    79.7    74.9    76.6 -99.000 -99.000 -99.000 -99.000 -99.000 -9999.0 -9999.0 -9999.0 -9999.0 -9999.0
27516 20150108  2.424 -156.61   71.32   -16.2   -24.1   -20.2   -18.8     0.0     0.00 C   -18.7   -25.3   -20.9    82.9    66.6    75.8 -99.000 -99.000 -99.000 -99.000 -99.000 -9999.0 -9999.0 -9999.0 -9999.0 -9999.0
27516 20150109  2.424 -156.61   71.32   -11.7   -20.3   -16.0   -16.6     0.3     0.00 C   -12.2   -22.6   -18.0    82.0    73.5    78.8 -99.000 -99.000 -99.000 -99.000 -99.000 -9999.0 -9999.0 -9999.0 -9999.0 -9999.0
27516 20150110  2.424 -156.61   71.32   -13.0   -25.8   -19.4   -20.2     0.0     0.00 C   -13.3   -28.3   -21.4    82.2    76.7    79.1 -99.000 -99.000 -99.000 -99.000 -99.000 -9999.0 -9999.0 -9999.0 -9999.0 -9999.0
27516 20150111  2.424 -156.61   71.32   -25.6   -28.2   -26.9   -27.1     0.0     0.00 C   -28.3   -31.1   -30.1    80.0    76.6    78.1 -99.000 -99.000 -99.000 -99.000 -99.000 -9999.0 -9999.0 -9999.0 -9999.0 -9999.0
27516 20150112  2.424 -156.61   71.32   -27.1   -29.1   -28.1   -28.2     0.0     0.00 C   -30.0   -32.2   -31.5    77.5    75.6    76.3 -99.000 -99.000 -99.000 -99.000 -99.000 -9999.0 -9999.0 -9999.0 -9999.0 -9999.0
27516 20150113  2.424 -156.61   71.32   -25.5   -29.9   -27.7   -28.1     0.0     0.00 C   -30.6   -32.4   -31.6    79.0    73.6    75.9 -99.000 -99.000 -99.000 -99.000 -99.000 -9999.0 -9999.0 -9999.0 -9999.0 -9999.0
27516 20150114  2.424 -156.61   71.32   -22.7   -29.0   -25.9   -26.0     0.2     0.00 C   -23.3   -31.2   -27.4    79.0    74.3    76.5 -99.000 -99.000 -99.000 -99.000 -99.000 -9999.0 -9999.0 -9999.0 -9999.0 -9999.0
27516 20150115  2.424 -156.61   71.32   -22.4   -24.2   -23.3   -23.2     0.0     0.00 C   -23.0   -25.0   -24.0    79.4    77.9    78.6 -99.000 -99.000 -99.000 -99.000 -99.000 -9999.0 -9999.0 -9999.0 -9999.0 -9999.0
27516 20150116  2.424 -156.61   71.32   -22.1   -24.6   -23.3   -23.5     0.0     0.00 C   -22.2   -25.5   -24.1    79.9    77.6    78.5 -99.000 -99.000 -99.000 -99.000 -99.000 -9999.0 -9999.0 -9999.0 -9999.0 -9999.0
27516 20150117  2.424 -156.61   71.32   -21.0   -23.2   -22.1   -22.1     0.0     0.00 C   -20.9   -23.2   -22.2    79.0    74.5    77.5 -99.000 -99.000 -99.000 -99.000 -99.000 -9999.0 -9999.0 -9999.0 -9999.0 -9999.0
27516 20150118  2.424 -156.61   71.32   -21.4   -23.0   -22.2   -22.3     1.7     0.00 C   -21.3   -23.0   -21.9    79.4    77.6    78.7 -99.000 -99.000 -99.000 -99.000 -99.000 -9999.0 -9999.0 -9999.0 -9999.0 -9999.0
27516 20150119  2.424 -156.61   71.32   -21.0   -30.4   -25.7   -25.6     1.1     0.00 C   -20.9   -35.0   -28.0    84.1    76.6    78.5 -99.000 -99.000 -99.000 -99.000 -99.000 -9999.0 -9999.0 -9999.0 -9999.0 -9999.0
27516 20150120  2.424 -156.61   71.32   -18.8   -24.7   -21.7   -21.6     0.3     0.00 C   -18.8   -26.6   -22.2    82.7    77.9    80.2 -99.000 -99.000 -99.000 -99.000 -99.000 -9999.0 -9999.0 -9999.0 -9999.0 -9999.0
27516 20150121  2.424 -156.61   71.32   -18.3   -24.1   -21.2   -20.9     1.3     0.00 C   -18.5   -31.8   -22.4    84.6    77.6    81.0 -99.000 -99.000 -99.000 -99.000 -99.000 -9999.0 -9999.0 -9999.0 -9999.0 -9999.0
27516 20150122  2.424 -156.61   71.32   -21.1   -27.5   -24.3   -23.7     0.9     0.00 C   -23.0   -31.5   -26.9    84.6    76.7    80.3 -99.000 -99.000 -99.000 -99.000 -99.000 -9999.0 -9999.0 -9999.0 -9999.0 -9999.0
27516 20150123  2.424 -156.61   71.32   -21.0   -29.3   -25.2   -25.4     0.2     0.00 C   -21.7   -31.1   -26.7    80.9    74.4    77.2 -99.000 -99.000 -99.000 -99.000 -99.000 -9999.0 -9999.0 -9999.0 -9999.0 -9999.0
27516 20150124  2.424 -156.61   71.32   -26.7   -30.3   -28.5   -29.0     0.0     0.00 C   -27.1   -32.3   -30.7    76.3    73.8    74.8 -99.000 -99.000 -99.000 -99.000 -99.000 -9999.0 -9999.0 -9999.0 -9999.0 -9999.0
27516 20150125  2.424 -156.61   71.32   -26.1   -30.0   -28.1   -28.2     0.0     0.00 C   -27.4   -32.0   -30.1    77.0    74.1    75.5 -99.000 -99.000 -99.000 -99.000 -99.000 -9999.0 -9999.0 -9999.0 -9999.0 -9999.0
27516 20150126  2.424 -156.61   71.32   -26.2   -30.7   -28.5   -28.6     0.0     0.02 C   -27.1   -32.3   -30.0    76.8    73.9    75.2 -99.000 -99.000 -99.000 -99.000 -99.000 -9999.0 -9999.0 -9999.0 -9999.0 -9999.0
27516 20150127  2.424 -156.61   71.32   -22.4   -26.9   -24.6   -24.0     0.0     0.06 C   -22.7   -27.8   -24.4    79.5    76.3    78.4 -99.000 -99.000 -99.000 -99.000 -99.000 -9999.0 -9999.0 -9999.0 -9999.0 -9999.0
27516 20150128  2.424 -156.61   71.32   -24.7   -36.2   -30.4   -30.7     0.5     0.06 C   -26.5   -37.1   -32.9    78.8    65.7    74.9 -99.000 -99.000 -99.000 -99.000 -99.000 -9999.0 -9999.0 -9999.0 -9999.0 -9999.0
27516 20150129  2.424 -156.61   71.32   -24.2   -35.0   -29.6   -32.6     0.9     0.07 C   -24.4   -36.1   -33.8    77.5    68.7    71.8 -99.000 -99.000 -99.000 -99.000 -99.000 -9999.0 -9999.0 -9999.0 -9999.0 -9999.0
27516 20150130  2.424 -156.61   71.32    -7.6   -24.2   -15.9   -11.9     1.5     0.01 C    -8.2   -24.4   -13.1    91.5    77.6    87.9 -99.000 -99.000 -99.000 -99.000 -99.000 -9999.0 -9999.0 -9999.0 -9999.0 -9999.0
27516 20150131  2.424 -156.61   71.32   -12.1   -26.5   -19.3   -18.7     0.0     0.14 C   -14.2   -28.1   -21.2    87.8    73.2    79.7 -99.000 -99.000 -99.000 -99.000 -99.000 -9999.0 -9999.0 -9999.0 -9999.0 -9999.0
27516 20150201  2.424 -156.61   71.32   -13.7   -22.1   -17.9   -16.3     0.5     0.03 C   -13.8   -21.9   -16.8    84.8    75.9    82.5 -99.000 -99.000 -99.000 -99.000 -99.000 -9999.0 -9999.0 -9999.0 -9999.0 -9999.0
27516 20150202  2.424 -156.61   71.32    -8.9   -19.0   -13.9   -12.3     0.6     0.05 C    -9.6   -20.1   -12.7    93.2    82.7    87.2 -99.000 -99.000 -99.000 -99.000 -99.000 -9999.0 -9999.0 -9999.0 -9999.0 -9999.0
27516 20150203  2.424 -156.61   71.32   -17.6   -31.1   -24.3   -23.1     0.5     0.28 C   -17.6   -33.9   -24.4    85.9    73.5    78.3 -99.000 -99.000 -99.000 -99.000 -99.000 -9999.0 -9999.0 -9999.0 -9999.0 -9999.0
27516 20150204  2.424 -156.61   71.32   -29.9   -38.2   -34.0   -32.0     0.4     0.44 C   -33.3   -39.1   -36.6    79.1    68.9    75.4 -99.000 -99.000 -99.000 -99.000 -99.000 -9999.0 -9999.0 -9999.0 -9999.0 -9999.0
27516 20150205  2.424 -156.61   71.32   -20.2   -37.0   -28.6   -29.8     0.7     0.32 C   -22.0   -38.8   -31.2    80.4    70.9    73.9 -99.000 -99.000 -99.000 -99.000 -99.000 -9999.0 -9999.0 -9999.0 -9999.0 -9999.0
27516 20150206  2.424 -156.61   71.32   -19.9   -29.7   -24.8   -27.2     0.5     0.23 C   -21.5   -31.5   -28.2    80.8    68.3    72.6 -99.000 -99.000 -99.000 -99.000 -99.000 -9999.0 -9999.0 -9999.0 -9999.0 -9999.0
27516 20150207  2.424 -156.61   71.32   -19.5   -27.9   -23.7   -22.8     0.2     0.17 C   -19.9   -30.1   -23.3    79.2    71.3    76.5 -99.000 -99.000 -99.000 -99.000 -99.000 -9999.0 -9999.0 -9999.0 -9999.0 -9999.0
27516 20150208  2.424 -156.61   71.32   -27.7   -35.4   -31.5   -30.5     0.3     0.55 C   -29.7   -36.9   -34.0    79.5    69.4    76.5 -99.000 -99.000 -99.000 -99.000 -99.000 -9999.0 -9999.0 -9999.0 -9999.0 -9999.0
27516 20150209  2.424 -156.61   71.32   -27.3   -36.8   -32.1   -32.0     0.0     0.52 C   -28.4   -37.8   -33.8    76.1    68.8    72.8 -99.000 -99.000 -99.000 -99.000 -99.000 -9999.0 -9999.0 -9999.0 -9999.0 -9999.0
27516 20150210  2.424 -156.61   71.32   -28.0   -34.5   -31.3   -31.1     0.3     0.38 C   -32.0   -36.6   -34.8    77.1    68.3    73.1 -99.000 -99.000 -99.000 -99.000 -99.000 -9999.0 -9999.0 -9999.0 -9999.0 -9999.0
27516 20150211  2.424 -156.61   71.32   -31.0   -34.1   -32.6   -32.4     0.0     1.07 C   -33.3   -36.5   -34.6    73.3    70.7    72.0 -99.000 -99.000 -99.000 -99.000 -99.000 -9999.0 -9999.0 -9999.0 -9999.0 -9999.0
27516 20150212  2.424 -156.61   71.32   -29.6   -32.5   -31.1   -31.5     0.0     1.15 C   -31.9   -34.5   -33.3    74.1    71.7    72.7 -99.000 -99.000 -99.000 -99.000 -99.000 -9999.0 -9999.0 -9999.0 -9999.0 -9999.0
27516 20150213  2.424 -156.61   71.32   -30.3   -34.0   -32.2   -32.2     0.0     1.39 C   -32.3   -35.8   -33.9    73.6    71.1    72.2 -99.000 -99.000 -99.000 -99.000 -99.000 -9999.0 -9999.0 -9999.0 -9999.0 -9999.0
27516 20150214  2.424 -156.61   71.32   -31.3   -34.6   -33.0   -33.0     0.0     1.50 C   -32.6   -36.4   -34.8    73.4    70.3    71.6 -99.000 -99.000 -99.000 -99.000 -99.000 -9999.0 -9999.0 -9999.0 -9999.0 -9999.0
27516 20150215  2.424 -156.61   71.32   -25.2   -32.8   -29.0   -29.6     0.0     1.56 C   -26.6   -34.8   -31.3    77.1    71.0    74.0 -99.000 -99.000 -99.000 -99.000 -99.000 -9999.0 -9999.0 -9999.0 -9999.0 -9999.0
27516 20150216  2.424 -156.61   71.32   -20.0   -25.7   -22.8   -21.9     0.0     1.72 C   -21.1   -27.1   -23.2    81.3    76.8    79.8 -99.000 -99.000 -99.000 -99.000 -99.000 -9999.0 -9999.0 -9999.0 -9999.0 -9999.0
27516 20150217  2.424 -156.61   71.32   -17.0   -22.1   -19.6   -19.2     0.4     0.35 C   -16.9   -24.0   -20.1    84.0    79.7    82.2 -99.000 -99.000 -99.000 -99.000 -99.000 -9999.0 -9999.0 -9999.0 -9999.0 -9999.0
27516 20150218  2.424 -156.61   71.32   -15.2   -18.5   -16.8   -16.7     0.5     0.80 C   -14.8   -19.5   -16.7    85.8    82.6    84.3 -99.000 -99.000 -99.000 -99.000 -99.000 -9999.0 -9999.0 -9999.0 -9999.0 -9999.0
27516 20150219  2.424 -156.61   71.32    -6.4   -19.2   -12.8   -12.1     0.5     1.44 C    -7.3   -20.2   -13.2    92.3    81.8    87.7 -99.000 -99.000 -99.000 -99.000 -99.000 -9999.0 -9999.0 -9999.0 -9999.0 -9999.0
27516 20150220  2.424 -156.61   71.32   -14.6   -23.2   -18.9   -18.1     0.4     1.13 C   -15.1   -25.3   -18.8    86.5    75.9    82.0 -99.000 -99.000 -99.000 -99.000 -99.000 -9999.0 -9999.0 -9999.0 -9999.0 -9999.0
27516 20150221  2.424 -156.61   71.32   -16.4   -19.3   -17.8   -17.6     0.8     0.97 C   -16.6   -20.4   -17.6    84.3    72.8    79.3 -99.000 -99.000 -99.000 -99.000 -99.000 -9999.0 -9999.0 -9999.0 -9999.0 -9999.0
27516 20150222  2.424 -156.61   71.32   -16.8   -19.0   -17.9   -17.7     0.0     1.04 C   -16.9   -19.7   -18.0    81.6    74.5    77.7 -99.000 -99.000 -99.000 -99.000 -99.000 -9999.0 -9999.0 -9999.0 -9999.0 -9999.0
27516 20150223  2.424 -156.61   71.32   -15.7   -20.0   -17.8   -18.5     0.0     1.17 C   -16.0   -20.8   -18.7    83.2    77.3    80.6 -99.000 -99.000 -99.000 -99.000 -99.000 -9999.0 -9999.0 -9999.0 -9999.0 -9999.0
27516 20150224  2.424 -156.61   71.32    -8.7   -18.1   -13.4   -15.1     0.6     2.01 C   -11.1   -19.6   -16.6    91.2    83.3    86.0 -99.000 -99.000 -99.000 -99.000 -99.000 -9999.0 -9999.0 -9999.0 -9999.0 -9999.0
27516 20150225  2.424 -156.61   71.32    -5.3   -15.6   -10.5    -8.1     1.3     1.27 C    -5.9   -17.7    -9.2    92.5    81.3    88.9 -99.000 -99.000 -99.000 -99.000 -99.000 -9999.0 -9999.0 -9999.0 -9999.0 -9999.0
27516 20150226  2.424 -156.61   71.32    -1.5    -6.5    -4.0    -4.5     6.0     1.28 C    -2.2    -7.1    -5.2    96.1    87.7    92.7 -99.000 -99.000 -99.000 -99.000 -99.000 -9999.0 -9999.0 -9999.0 -9999.0 -9999.0
27516 20150227  2.424 -156.61   71.32    -0.9   -16.3    -8.6   -11.7     1.0     1.76 C    -1.7   -16.1   -11.9    95.5    82.2    86.1 -99.000 -99.000 -99.000 -99.000 -99.000 -9999.0 -9999.0 -9999.0 -9999.0 -9999.0
27516 20150228  2.424 -156.61   71.32    -5.6   -26.5   -16.1   -14.1     3.3     1.57 C    -6.2   -27.5   -14.5    94.0    74.1    84.7 -99.000 -99.000 -99.000 -99.000 -99.000 -9999.0 -9999.0 -9999.0 -9999.0 -9999.0
27516 20150301  2.424 -156.61   71.32   -23.6   -28.5   -26.1   -26.1     0.6     2.26 C   -23.6   -29.0   -27.2    77.1    73.6    75.8 -99.000 -99.000 -99.000 -99.000 -99.000 -9999.0 -9999.0 -9999.0 -9999.0 -9999.0
27516 20150302  2.424 -156.61   71.32   -16.2   -23.6   -19.9   -18.9     0.3     1.91 C   -16.0   -23.6   -19.0    83.5    68.7    78.4 -99.000 -99.000 -99.000 -99.000 -99.000 -9999.0 -9999.0 -9999.0 -9999.0 -9999.0
27516 20150303  2.424 -156.61   71.32    -9.9   -16.4   -13.1   -13.3     3.5     1.91 C   -10.4   -17.9   -13.7    90.1    82.2    86.0 -99.000 -99.000 -99.000 -99.000 -99.000 -9999.0 -9999.0 -9999.0 -9999.0 -9999.0
27516 20150304  2.424 -156.61   71.32   -16.4   -25.4   -20.9   -21.8     0.0     2.85 C   -17.6   -27.2   -23.4    83.5    79.2    80.7 -99.000 -99.000 -99.000 -99.000 -99.000 -9999.0 -9999.0 -9999.0 -9999.0 -9999.0
27516 20150305  2.424 -156.61   71.32   -21.2   -26.9   -24.0   -23.1     1.9     2.29 C   -21.0   -29.0   -24.0    80.5    77.9    79.3 -99.000 -99.000 -99.000 -99.000 -99.000 -9999.0 -9999.0 -9999.0 -9999.0 -9999.0
27516 20150306  2.424 -156.61   71.32   -21.8   -27.6   -24.7   -25.3     0.7     4.19 C   -22.8   -31.2   -28.5    85.3    76.5    80.0 -99.000 -99.000 -99.000 -99.000 -99.000 -9999.0 -9999.0 -9999.0 -9999.0 -9999.0
27516 20150307  2.424 -156.61   71.32   -22.0   -25.0   -23.5   -23.0     0.0     3.21 C   -21.8   -26.2   -23.6    80.2    77.5    79.1 -99.000 -99.000 -99.000 -99.000 -99.000 -9999.0 -9999.0 -9999.0 -9999.0 -9999.0
27516 20150308  2.424 -156.61   71.32   -24.6   -29.6   -27.1   -26.9     0.2     4.24 C   -24.9   -31.1   -28.0    77.8    74.3    76.2 -99.000 -99.000 -99.000 -99.000 -99.000 -9999.0 -9999.0 -9999.0 -9999.0 -9999.0
27516 20150309  2.424 -156.61   71.32   -22.5   -31.5   -27.0   -26.0     0.2     4.45 C   -22.8   -34.0   -27.3    79.3    70.8    76.0 -99.000 -99.000 -99.000 -99.000 -99.000 -9999.0 -9999.0 -9999.0 -9999.0 -9999.0
27516 20150310  2.424 -156.61   71.32   -30.2   -36.5   -33.4   -32.4     0.4     5.20 C   -31.2   -37.9   -34.8    76.9    72.9    74.9 -99.000 -99.000 -99.000 -99.000 -99.000 -9999.0 -9999.0 -9999.0 -9999.0 -9999.0
27516 20150311  2.424 -156.61   71.32   -32.4   -38.6   -35.5   -35.6     0.3     5.34 C   -33.4   -40.3   -37.8    77.1    67.7    71.0 -99.000 -99.000 -99.000 -99.000 -99.000 -9999.0 -9999.0 -9999.0 -9999.0 -9999.0
27516 20150312  2.424 -156.61   71.32   -32.7   -39.3   -36.0   -36.5     0.3     6.34 C   -33.1   -41.0   -38.1    71.5    67.4    69.4 -99.000 -99.000 -99.000 -99.000 -99.000 -9999.0 -9999.0 -9999.0 -9999.0 -9999.0
27516 20150313  2.424 -156.61   71.32   -32.0   -39.3   -35.6   -36.3     0.5     6.65 C   -32.5   -40.5   -37.8    71.9    67.4    69.4 -99.000 -99.000 -99.000 -99.000 -99.000 -9999.0 -9999.0 -9999.0 -9999.0 -9999.0
27516 20150314  2.424 -156.61   71.32   -27.5   -38.0   -32.8   -32.7     0.2     6.68 C   -30.0   -39.5   -34.6    76.0    68.1    71.7 -99.000 -99.000 -99.000 -99.000 -99.000 -9999.0 -9999.0 -9999.0 -9999.0 -9999.0
27516 20150315  2.424 -156.61   71.32   -25.2   -32.7   -29.0   -29.1     0.3     6.56 C   -27.1   -35.3   -31.8    80.6    70.7    74.3 -99.000 -99.000 -99.000 -99.000 -99.000 -9999.0 -9999.0 -9999.0 -9999.0 -9999.0
27516 20150316  2.424 -156.61   71.32   -21.0   -33.1   -27.1   -26.8     0.2     5.27 C   -21.9   -35.1   -28.6    80.6    71.3    75.8 -99.000 -99.000 -99.000 -99.000 -99.000 -9999.0 -9999.0 -9999.0 -9999.0 -9999.0
27516 20150317  2.424 -156.61   71.32   -18.6   -23.7   -21.2   -21.3     0.2     5.56 C   -18.4   -26.2   -22.0    82.7    79.0    80.3 -99.000 -99.000 -99.000 -99.000 -99.000 -9999.0 -9999.0 -9999.0 -9999.0 -9999.0
27516 20150318  2.424 -156.61   71.32   -20.4   -23.9   -22.2   -21.8     0.4     5.47 C   -19.6   -27.8   -22.2    80.8    78.0    79.9 -99.000 -99.000 -99.000 -99.000 -99.000 -9999.0 -9999.0 -9999.0 -9999.0 -9999.0
27516 20150319  2.424 -156.61   71.32   -21.2   -24.2   -22.7   -22.1     0.5     6.43 C   -21.1   -25.3   -22.6    79.8    76.3    78.2 -99.000 -99.000 -99.000 -99.000 -99.000 -9999.0 -9999.0 -9999.0 -9999.0 -9999.0
27516 20150320  2.424 -156.61   71.32   -19.4   -24.3   -21.8   -21.4     0.0     6.63 C   -19.4   -25.8   -21.9    80.8    76.8    78.8 -99.000 -99.000 -99.000 -99.000 -99.000 -9999.0 -9999.0 -9999.0 -9999.0 -9999.0
27516 20150321  2.424 -156.61   71.32   -17.8   -20.2   -19.0   -18.6     0.4     5.57 C   -17.1   -20.4   -18.7    84.9    80.1    82.1 -99.000 -99.000 -99.000 -99.000 -99.000 -9999.0 -9999.0 -9999.0 -9999.0 -9999.0
27516 20150322  2.424 -156.61   71.32   -15.9   -23.0   -19.4   -18.2     0.4     5.09 C   -14.7   -26.2   -18.5    86.8    77.9    82.6 -99.000 -99.000 -99.000 -99.000 -99.000 -9999.0 -9999.0 -9999.0 -9999.0 -9999.0
27516 20150323  2.424 -156.61   71.32   -21.7   -27.0   -24.4   -24.2     0.8     8.13 C   -22.3   -32.2   -27.3    84.0    74.2    80.4 -99.000 -99.000 -99.000 -99.000 -99.000 -9999.0 -9999.0 -9999.0 -9999.0 -9999.0
27516 20150324  2.424 -156.61   71.32   -21.6   -33.0   -27.3   -26.5     0.5     6.38 C   -22.4   -33.7   -28.2    82.5    71.3    76.7 -99.000 -99.000 -99.000 -99.000 -99.000 -9999.0 -9999.0 -9999.0 -9999.0 -9999.0
27516 20150325  2.424 -156.61   71.32   -20.4   -27.4   -23.9   -23.3     0.4     7.63 C   -20.9   -30.9   -24.9    81.3    75.7    78.8 -99.000 -99.000 -99.000 -99.000 -99.000 -9999.0 -9999.0 -9999.0 -9999.0 -9999.0
27516 20150326  2.424 -156.61   71.32   -17.4   -26.5   -21.9   -20.0     0.3     6.84 C   -17.1   -28.0   -20.4    83.3    76.3    81.3 -99.000 -99.000 -99.000 -99.000 -99.000 -9999.0 -9999.0 -9999.0 -9999.0 -9999.0
27516 20150327  2.424 -156.61   71.32   -18.6   -25.0   -21.8   -20.9     0.5     8.53 C   -18.8   -28.6   -21.8    82.4    77.1    80.6 -99.000 -99.000 -99.000 -99.000 -99.000 -9999.0 -9999.0 -9999.0 -9999.0 -9999.0
27516 20150328  2.424 -156.61   71.32   -20.4   -26.3   -23.4   -23.2     0.4     9.19 C   -20.8   -28.7   -24.7    80.8    76.3    78.8 -99.000 -99.000 -99.000 -99.000 -99.000 -9999.0 -9999.0 -9999.0 -9999.0 -9999.0
27516 20150329  2.424 -156.61   71.32   -17.7   -25.0   -21.4   -20.8     0.2     7.46 C   -18.0   -27.2   -21.6    82.4    77.3    80.0 -99.000 -99.000 -99.000 -99.000 -99.000 -9999.0 -9999.0 -9999.0 -9999.0 -9999.0
27516 20150330  2.424 -156.61   71.32   -17.3   -23.3   -20.3   -19.9     0.0    10.34 C   -18.2   -25.0   -21.3    82.9    78.2    80.5 -99.000 -99.000 -99.000 -99.000 -99.000 -9999.0 -9999.0 -9999.0 -9999.0 -9999.0
27516 20150331  2.424 -156.61   71.32   -13.6   -19.3   -16.5   -15.9     0.0     8.68 C   -14.2   -21.3   -17.0    81.5    77.4    79.7 -99.000 -99.000 -99.000 -99.000 -99.000 -9999.0 -9999.0 -9999.0 -9999.0 -9999.0
27516 20150401  2.424 -156.61   71.32   -18.1   -23.7   -20.9   -20.5     0.0    10.93 C   -18.6   -25.7   -22.0    81.1    75.5    78.3 -99.000 -99.000 -99.000 -99.000 -99.000 -9999.0 -9999.0 -9999.0 -9999.0 -9999.0
27516 20150402  2.424 -156.61   71.32   -18.8   -26.1   -22.5   -22.0     0.0    10.82 C   -18.1   -28.4   -23.3    83.0    77.4    80.0 -99.000 -99.000 -99.000 -99.000 -99.000 -9999.0 -9999.0 -9999.0 -9999.0 -9999.0
27516 20150403  2.424 -156.61   71.32   -15.8   -21.6   -18.7   -18.1     0.7    10.59 C   -15.0   -23.3   -18.3    83.9    80.3    82.6 -99.000 -99.000 -99.000 -99.000 -99.000 -9999.0 -9999.0 -9999.0 -9999.0 -9999.0
27516 20150404  2.424 -156.61   71.32   -17.4   -23.7   -20.6   -19.7     0.0    12.20 C   -17.7   -25.8   -20.7    83.2    76.9    80.0 -99.000 -99.000 -99.000 -99.000 -99.000 -9999.0 -9999.0 -9999.0 -9999.0 -9999.0
27516 20150405  2.424 -156.61   71.32   -15.9   -24.2   -20.0   -20.0     0.0    11.63 C   -15.7   -27.0   -22.0    80.9    73.4    77.3 -99.000 -99.000 -99.000 -99.000 -99.000 -9999.0 -9999.0 -9999.0 -9999.0 -9999.0
27516 20150406  2.424 -156.61   71.32   -14.9   -20.1   -17.5   -17.5     0.0    11.99 C   -15.7   -22.3   -18.9    79.0    72.3    76.6 -99.000 -99.000 -99.000 -99.000 -99.000 -9999.0 -9999.0 -9999.0 -9999.0 -9999.0
27516 20150407  2.424 -156.61   71.32   -15.1   -18.4   -16.7   -16.7     0.0    10.27 C   -15.8   -20.0   -17.8    79.9    69.1    74.9 -99.000 -99.000 -99.000 -99.000 -99.000 -9999.0 -9999.0 -9999.0 -9999.0 -9999.0
27516 20150408  2.424 -156.61   71.32   -13.8   -16.4   -15.1   -15.1     2.2     8.97 C   -13.8   -17.1   -15.4    84.2    79.3    82.6 -99.000 -99.000 -99.000 -99.000 -99.000 -9999.0 -9999.0 -9999.0 -9999.0 -9999.0
27516 20150409  2.424 -156.61   71.32   -14.4   -17.6   -16.0   -15.6     0.0    12.39 C   -14.6   -17.8   -15.8    85.1    81.3    82.8 -99.000 -99.000 -99.000 -99.000 -99.000 -9999.0 -9999.0 -9999.0 -9999.0 -9999.0
27516 20150410  2.424 -156.61   71.32   -12.0   -20.0   -16.0   -14.5     0.8    11.90 C   -11.6   -20.6   -14.5    87.8    83.3    85.5 -99.000 -99.000 -99.000 -99.000 -99.000 -9999.0 -9999.0 -9999.0 -9999.0 -9999.0
27516 20150411  2.424 -156.61   71.32   -14.3   -22.1   -18.2   -17.9     0.6    10.95 C   -14.6   -25.0   -18.8    87.7    83.0    84.9 -99.000 -99.000 -99.000 -99.000 -99.000 -9999.0 -9999.0 -9999.0 -9999.0 -9999.0
27516 20150412  2.424 -156.61   71.32   -13.9   -23.1   -18.5   -15.4     1.5    10.07 C   -13.7   -27.1   -15.7    89.3    80.2    83.8 -99.000 -99.000 -99.000 -99.000 -99.000 -9999.0 -9999.0 -9999.0 -9999.0 -9999.0
27516 20150413  2.424 -156.61   71.32   -16.9   -27.7   -22.3   -21.3     0.6    13.92 C   -16.0   -29.6   -23.1    88.0    72.3    81.5 -99.000 -99.000 -99.000 -99.000 -99.000 -9999.0 -9999.0 -9999.0 -9999.0 -9999.0
27516 20150414  2.424 -156.61   71.32   -15.8   -26.1   -21.0   -20.8     0.8    14.08 C   -15.2   -29.3   -22.2    83.9    76.1    80.2 -99.000 -99.000 -99.000 -99.000 -99.000 -9999.0 -9999.0 -9999.0 -9999.0 -9999.0
27516 20150415  2.424 -156.61   71.32   -14.2   -27.4   -20.8   -19.7     0.6    12.75 C   -12.9   -30.1   -20.0    84.8    74.9    80.7 -99.000 -99.000 -99.000 -99.000 -99.000 -9999.0 -9999.0 -9999.0 -9999.0 -9999.0
27516 20150416  2.424 -156.61   71.32   -15.7   -24.2   -20.0   -18.4     0.7    15.44 C   -14.7   -29.5   -18.9    83.6    77.1    81.5 -99.000 -99.000 -99.000 -99.000 -99.000 -9999.0 -9999.0 -9999.0 -9999.0 -9999.0
27516 20150417  2.424 -156.61   71.32   -16.7   -28.1   -22.4   -22.5     0.8    16.00 C   -16.4   -30.2   -23.7    82.2    74.2    78.2 -99.000 -99.000 -99.000 -99.000 -99.000 -9999.0 -9999.0 -9999.0 -9999.0 -9999.0
27516 20150418  2.424 -156.61   71.32   -12.8   -25.0   -18.9   -17.1     0.0    16.55 C   -12.3   -26.8   -17.5    81.3    64.6    76.5 -99.000 -99.000 -99.000 -99.000 -99.000 -9999.0 -9999.0 -9999.0 -9999.0 -9999.0
27516 20150419  2.424 -156.61   71.32    -7.7   -15.6   -11.7   -11.3     0.0    15.31 C    -7.9   -17.8   -12.1    89.9    78.6    84.6 -99.000 -99.000 -99.000 -99.000 -99.000 -9999.0 -9999.0 -9999.0 -9999.0 -9999.0
27516 20150420  2.424 -156.61   71.32    -5.3   -11.8    -8.6    -8.0     0.2    16.12 C    -4.9   -13.9    -8.8    93.3    88.2    89.6 -99.000 -99.000 -99.000 -99.000 -99.000 -9999.0 -9999.0 -9999.0 -9999.0 -9999.0
27516 20150421  2.424 -156.61   71.32    -7.8   -13.8   -10.8    -9.5     3.2     9.53 C    -7.1   -15.0    -9.8    92.2    86.9    90.3 -99.000 -99.000 -99.000 -99.000 -99.000 -9999.0 -9999.0 -9999.0 -9999.0 -9999.0
27516 20150422  2.424 -156.61   71.32    -4.4    -8.4    -6.4    -6.5     5.8    17.24 C    -3.8   -11.6    -7.2    92.9    79.8    89.1 -99.000 -99.000 -99.000 -99.000 -99.000 -9999.0 -9999.0 -9999.0 -9999.0 -9999.0
27516 20150423  2.424 -156.61   71.32    -1.9    -8.8    -5.4    -5.5     0.0    16.60 C    -3.0   -11.1    -6.4    94.3    82.8    89.6 -99.000 -99.000 -99.000 -99.000 -99.000 -9999.0 -9999.0 -9999.0 -9999.0 -9999.0
27516 20150424  2.424 -156.61   71.32    -3.7   -12.4    -8.1    -7.9     1.0    18.96 C    -3.8   -15.1    -9.0    92.9    83.6    88.5 -99.000 -99.000 -99.000 -99.000 -99.000 -9999.0 -9999.0 -9999.0 -9999.0 -9999.0
27516 20150425  2.424 -156.61   71.32    -3.3    -9.0    -6.2    -4.8     0.3    12.43 C    -2.0    -9.9    -4.7    95.3    83.5    92.2 -99.000 -99.000 -99.000 -99.000 -99.000 -9999.0 -9999.0 -9999.0 -9999.0 -9999.0
27516 20150426  2.424 -156.61   71.32    -5.1    -8.6    -6.9    -7.3     0.6    13.63 C    -3.7    -8.6    -6.4    94.1    88.9    92.3 -99.000 -99.000 -99.000 -99.000 -99.000 -9999.0 -9999.0 -9999.0 -9999.0 -9999.0
27516 20150427  2.424 -156.61   71.32    -8.1    -9.4    -8.7    -8.7     0.6    16.41 C    -3.1    -9.7    -7.0    93.9    85.1    91.3 -99.000 -99.000 -99.000 -99.000 -99.000 -9999.0 -9999.0 -9999.0 -9999.0 -9999.0
27516 20150428  2.424 -156.61   71.32    -8.5    -9.5    -9.0    -8.9     0.5    13.70 C    -5.5    -9.5    -7.9    93.8    90.9    91.6 -99.000 -99.000 -99.000 -99.000 -99.000 -9999.0 -9999.0 -9999.0 -9999.0 -9999.0
27516 20150429  2.424 -156.61   71.32    -6.1    -9.4    -7.7    -7.4     0.4    15.36 C    -3.0    -9.8    -6.7    93.0    86.0    91.2 -99.000 -99.000 -99.000 -99.000 -99.000 -9999.0 -9999.0 -9999.0 -9999.0 -9999.0
27516 20150430  2.424 -156.61   71.32    -8.8   -13.7   -11.2   -10.0     0.0    14.82 C    -7.1   -13.4    -9.5    91.0    78.0    84.8 -99.000 -99.000 -99.000 -99.000 -99.000 -9999.0 -9999.0 -9999.0 -9999.0 -9999.0
27516 20150501  2.424 -156.61   71.32    -7.4   -16.1   -11.7   -11.0     0.5    16.89 C    -6.3   -16.6   -10.6    92.2    85.0    88.1 -99.000 -99.000 -99.000 -99.000 -99.000 -9999.0 -9999.0 -9999.0 -9999.0 -9999.0
27516 20150502  2.424 -156.61   71.32    -5.6    -8.6    -7.1    -7.0     0.0    18.92 C    -3.6    -9.3    -6.8    95.6    87.5    91.3 -99.000 -99.000 -99.000 -99.000 -99.000 -9999.0 -9999.0 -9999.0 -9999.0 -9999.0
27516 20150503  2.424 -156.61   71.32    -4.7    -9.6    -7.1    -6.9     0.8    15.08 C    -1.9   -10.6    -6.0    93.7    82.5    91.8 -99.000 -99.000 -99.000 -99.000 -99.000 -9999.0 -9999.0 -9999.0 -9999.0 -9999.0
27516 20150504  2.424 -156.61   71.32    -6.3    -8.6    -7.5    -7.1     0.2    16.81 C    -4.6    -8.9    -6.9    90.9    74.8    83.0 -99.000 -99.000 -99.000 -99.000 -99.000 -9999.0 -9999.0 -9999.0 -9999.0 -9999.0
27516 20150505  2.424 -156.61   71.32    -8.6   -13.0   -10.8   -11.4     0.5    15.70 C    -7.9   -13.3   -10.5    84.8    76.7    82.3 -99.000 -99.000 -99.000 -99.000 -99.000 -9999.0 -9999.0 -9999.0 -9999.0 -9999.0
27516 20150506  2.424 -156.61   71.32    -8.8   -12.3   -10.6   -10.5     0.0    16.14 C    -8.0   -12.3   -10.2    90.2    81.7    85.7 -99.000 -99.000 -99.000 -99.000 -99.000 -9999.0 -9999.0 -9999.0 -9999.0 -9999.0
27516 20150507  2.424 -156.61   71.32    -5.1   -10.8    -8.0    -7.7     0.0    22.38 C    -3.6   -12.6    -7.7    97.2    86.3    90.3 -99.000 -99.000 -99.000 -99.000 -99.000 -9999.0 -9999.0 -9999.0 -9999.0 -9999.0
27516 20150508  2.424 -156.61   71.32     0.3    -9.6    -4.6    -4.6     0.2    19.34 C    -0.4   -10.2    -4.9    98.3    89.6    93.4 -99.000 -99.000 -99.000 -99.000 -99.000 -9999.0 -9999.0 -9999.0 -9999.0 -9999.0
27516 20150509  2.424 -156.61   71.32    -0.6    -4.7    -2.6    -1.9     0.3    18.47 C     1.2    -7.8    -1.5    98.0    86.3    93.6 -99.000 -99.000 -99.000 -99.000 -99.000 -9999.0 -9999.0 -9999.0 -9999.0 -9999.0
27516 20150510  2.424 -156.61   71.32    -0.1    -6.1    -3.1    -1.7     0.5    16.75 C     0.2    -9.0    -2.2    98.1    81.7    90.4 -99.000 -99.000 -99.000 -99.000 -99.000 -9999.0 -9999.0 -9999.0 -9999.0 -9999.0
27516 20150511  2.424 -156.61   71.32    -0.7    -2.1    -1.4    -1.5     0.3    16.69 C     1.1    -2.2    -0.8    99.1    88.6    94.0 -99.000 -99.000 -99.000 -99.000 -99.000 -9999.0 -9999.0 -9999.0 -9999.0 -9999.0
27516 20150512  2.424 -156.61   71.32     0.6    -3.8    -1.6    -1.3     0.0    18.24 C     0.5    -2.4    -0.8    98.5    85.3    93.2 -99.000 -99.000 -99.000 -99.000 -99.000 -9999.0 -9999.0 -9999.0 -9999.0 -9999.0
27516 20150513  2.424 -156.61   71.32    -2.0    -4.6    -3.3    -2.9     0.2    17.43 C    -0.9    -4.6    -2.4    95.9    82.8    92.8 -99.000 -99.000 -99.000 -99.000 -99.000 -9999.0 -9999.0 -9999.0 -9999.0 -9999.0
27516 20150514  2.424 -156.61   71.32    -4.4    -6.7    -5.6    -5.6     0.3    18.38 C    -4.1    -6.6    -5.3    94.0    89.7    91.9 -99.000 -99.000 -99.000 -99.000 -99.000 -9999.0 -9999.0 -9999.0 -9999.0 -9999.0
27516 20150515  2.424 -156.61   71.32    -0.1    -5.1    -2.6    -2.1     0.0    15.96 C     0.4    -5.2    -1.9    97.9    90.4    93.3 -99.000 -99.000 -99.000 -99.000 -99.000 -9999.0 -9999.0 -9999.0 -9999.0 -9999.0
27516 20150516  2.424 -156.61   71.32     2.1    -2.9    -0.4    -0.7     2.3    16.01 C     0.6    -2.4    -0.5    99.7    94.1    96.7 -99.000 -99.000 -99.000 -99.000 -99.000 -9999.0 -9999.0 -9999.0 -9999.0 -9999.0
27516 20150517  2.424 -156.61   71.32     2.5    -0.3     1.1     1.3     0.2    21.10 C     1.8    -1.9     0.2    94.6    86.5    91.0 -99.000 -99.000 -99.000 -99.000 -99.000 -9999.0 -9999.0 -9999.0 -9999.0 -9999.0
27516 20150518  2.424 -156.61   71.32     2.6     0.7     1.7     1.3     0.5    18.82 C     1.9    -0.5     0.5    95.0    83.1    91.4 -99.000 -99.000 -99.000 -99.000 -99.000 -9999.0 -9999.0 -9999.0 -9999.0 -9999.0
27516 20150519  2.424 -156.61   71.32     4.3    -1.4     1.4     1.5     0.0    19.73 C     2.1    -1.6     0.5    99.7    91.7    95.1 -99.000 -99.000 -99.000 -99.000 -99.000 -9999.0 -9999.0 -9999.0 -9999.0 -9999.0
27516 20150520  2.424 -156.61   71.32     1.4    -2.6    -0.6    -0.2     0.5    22.04 C     1.1    -2.7    -0.4    98.3    93.2    96.1 -99.000 -99.000 -99.000 -99.000 -99.000 -9999.0 -9999.0 -9999.0 -9999.0 -9999.0
27516 20150521  2.424 -156.61   71.32     6.6     0.0     3.3     2.4     0.0    20.70 C     2.3    -0.2     0.6    98.1    82.8    92.2 -99.000 -99.000 -99.000 -99.000 -99.000 -9999.0 -9999.0 -9999.0 -9999.0 -9999.0
27516 20150522  2.424 -156.61   71.32     3.8     0.2     2.0     2.1     0.3    25.08 C     1.6    -1.2     0.3    93.6    63.7    80.0 -99.000 -99.000 -99.000 -99.000 -99.000 -9999.0 -9999.0 -9999.0 -9999.0 -9999.0
27516 20150523  2.424 -156.61   71.32     2.3    -0.4     1.0     1.1     0.0    26.58 C     0.5    -1.9    -0.3    90.3    81.8    85.2 -99.000 -99.000 -99.000 -99.000 -99.000 -9999.0 -9999.0 -9999.0 -9999.0 -9999.0
27516 20150524  2.424 -156.61   71.32     0.9    -0.5     0.2     0.3     0.0    13.02 C     0.3    -1.3    -0.2    95.4    86.0    89.9 -99.000 -99.000 -99.000 -99.000 -99.000 -9999.0 -9999.0 -9999.0 -9999.0 -9999.0
27516 20150525  2.424 -156.61   71.32     1.4    -0.3     0.5     0.2     6.0    10.25 C     1.2    -0.1     0.2    98.2    88.0    94.3 -99.000 -99.000 -99.000 -99.000 -99.000 -9999.0 -9999.0 -9999.0 -9999.0 -9999.0
27516 20150526  2.424 -156.61   71.32     0.6    -1.8    -0.6    -0.4     0.0    17.34 C     1.2    -1.2     0.1    98.0    94.0    96.3 -99.000 -99.000 -99.000 -99.000 -99.000 -9999.0 -9999.0 -9999.0 -9999.0 -9999.0
27516 20150527  2.424 -156.61   71.32    -0.2    -2.4    -1.3    -1.4     0.2    22.05 C     1.0    -2.0    -0.4    98.3    91.9    95.8 -99.000 -99.000 -99.000 -99.000 -99.000 -9999.0 -9999.0 -9999.0 -9999.0 -9999.0
27516 20150528  2.424 -156.61   71.32     1.7    -2.1    -0.2    -0.2     0.4    15.09 C     0.9    -2.2    -0.4    98.0    89.8    93.4 -99.000 -99.000 -99.000 -99.000 -99.000 -9999.0 -9999.0 -9999.0 -9999.0 -9999.0
27516 20150529  2.424 -156.61   71.32     3.3     0.2     1.7     1.3     3.5    10.88 C     1.1     0.0     0.4    96.6    88.5    94.1 -99.000 -99.000 -99.000 -99.000 -99.000 -9999.0 -9999.0 -9999.0 -9999.0 -9999.0
27516 20150530  2.424 -156.61   71.32     2.6    -2.3     0.2     0.8     0.0    15.60 C     1.0    -2.2     0.2    96.9    88.9    94.2 -99.000 -99.000 -99.000 -99.000 -99.000 -9999.0 -9999.0 -9999.0 -9999.0 -9999.0
27516 20150531  2.424 -156.61   71.32     1.1    -3.8    -1.4    -2.0     0.0    13.85 C     0.5    -3.4    -1.6    95.8    69.1    85.2 -99.000 -99.000 -99.000 -99.000 -99.000 -9999.0 -9999.0 -9999.0